D=0.6 tau=0.45 phi=2
D=0.627034210982347 tau=0.225 phi=2.35
D=0 tau=0.275 phi=2.42017362610243
