D=0.6 tau=0.45 phi=2
D=0.627037163696472 tau=0.765 phi=2.35
D=0 tau=0.275 phi=2.41934380776376
